x <- 10

(x < 20) & (x > 5) & (x == 10)

x < 20
x == 9
(x < 20) | (x == 9)

10 == 1
!(10 == 1)

df <- mtcars
df[ (df$mpg > 20) & (df$hp > 100), ]
